./decode_18FF2300_or_18FF2320 e8 03 ce 00 21 00 00 ff 
# bit string:
canBytes[0]=0xe8: [00] 0 [01] 0 [02] 0 [03] 1 [04] 0 [05] 1 [06] 1 [07] 1 
canBytes[1]=0x03: [08] 1 [09] 1 [10] 0 [11] 0 [12] 0 [13] 0 [14] 0 [15] 0 
canBytes[2]=0xce: [16] 0 [17] 1 [18] 1 [19] 1 [20] 0 [21] 0 [22] 1 [23] 1 
canBytes[3]=0x00: [24] 0 [25] 0 [26] 0 [27] 0 [28] 0 [29] 0 [30] 0 [31] 0 
canBytes[4]=0x21: [32] 1 [33] 0 [34] 0 [35] 0 [36] 0 [37] 1 [38] 0 [39] 0 
canBytes[5]=0x00: [40] 0 [41] 0 [42] 0 [43] 0 [44] 0 [45] 0 [46] 0 [47] 0 
canBytes[6]=0x00: [48] 0 [49] 0 [50] 0 [51] 0 [52] 0 [53] 0 [54] 0 [55] 0 
canBytes[7]=0xff: [56] 1 [57] 1 [58] 1 [59] 1 [60] 1 [61] 1 [62] 1 [63] 1 

Decoded:
fuel level:                0xe803 (1000)
MLD maintenance countdown: 0xce00 (206)
MLD genset run time:       0x210000 (33)
